6754
565
8960
514
2644
6906
7219
7134
678
4161
6708
1909
6525
6859
9107
5133
1416
4392
441
8063
9582
9833
2243
9099
7234
5873
2518
6741
7043
9525
1243
6601
3006
6333
1732
6819
9882
5342
7104
5025
9080
1584
9406
9513
3046
4854
4627
3376
7330
4731
5558
899
1712
9089
5650
8107
632
5275
4614
5023
3787
3205
6554
9332
4728
9699
7120
2488
6188
933
327
1542
9627
8848
5239
6196
8939
5043
2947
702
1948
7130
9866
2481
2266
8726
5284
8488
7585
4099
6303
3311
8216
120
6225
7452
1285
3371
2753
3285
3458
6134
5107
8372
1242
9575
3871
8390
9951
8014
2691
3730
8026
237
1916
4519
1453
8246
8637
1663
7529
7820
844
9921
7033
3688
6087
8211
9234
873
3761
4135
9118
8778
2997
777
6496
881
7068
8833
2613
7266
5387
6970
1611
4504
984
2534
2956
7194
9190
7596
7624
1042
6054
2240
4126
5331
4817
2237
5026
7461
7070
6026
5575
3618
4086
9837
9235
8973
4414
8223
7456
467
1546
7675
6805
8287
6098
1112
7188
6359
4029
9391
9159
9060
9756
6875
2754
2746
599
2872
8300
8097
1925
4778
4403
4301
9468
412
9197
8536
9732
7793
91
4056
3281
1447
6224
5453
3177
4616
3495
3563
9565
4997
7430
9955
9580
7268
6375
6064
3124
2270
9041
3391
6052
3245
1982
2399
3663
1136
3398
5157
859
8233
6648
2402
6230
9704
2104
264
4729
8926
4373
5882
8972
2503
9542
2740
1420
7263
6077
3343
8307
2026
8574
5294
8466
2303
7742
5855
9670
3953
3241
8976
7412
3400
4822
3271
5277
1503
6554
534
8118
5086
3318
5550
1052
6547
8606
7532
298
7580
7493
8159
9660
3
9251
3080
2234
9769
4893
1229
6779
5305
7755
4808
5019
541
6881
3495
8993
807
7798
2608
6606
5379
6374
2083
8305
3202
6745
7287
275
7813
8251
7928
145
8157
6815
5726
5451
5976
9927
5813
3676
2344
1613
3961
2241
8958
8140
4491
2193
3178
9688
7123
2428
2344
7044
7212
5725
2291
9207
2570
7198
4679
3608
3387
9185
2019
5013
3640
7524
9002
996
9483
1350
3069
1316
8080
7172
9454
8612
9699
1533
9371
724
2781
8933
9614
2307
1133
1292
4022
6670
9912
1060
7507
5372
6709
3167
6902
4605
1612
1871
8645
6035
4489
8437
6405
4015
3621
8721
5279
4919
75
7080
3922
6514
7251
5731
7063
6615
3902
7203
6820
7264
1264
8023
1370
4955
2720
2535
1660
8450
1390
7157
835
4447
659
1240
6871
9489
4050
6212
4342
1810
4283
2203
1959
1379
424
9171
188
9489
7230
2415
3238
5545
8544
9319
6911
1326
6768
2049
7773
3843
8385
6829
7061
5476
5190
3417
2199
775
1766
2021
7749
1544
3726
5469
1257
3732
2498
2113
1698
3400
8468
3374
7084
5210
7878
2682
3988
5837
3033
5033
3165
9460
9863
4401
3267
7576
7607
9591
4833
7918
2590
1098
3857
1942
8960
48
4397
919
6906
8662
4530
1983
2906
4114
9135
8422
2462
5124
6838
8864
8800
7262
582
4623
9429
7358
6659
10000
8032
7859
9075
2050
1900
6999
2740
1219
9047
1564
8006
2182
8845
8797
7453
6066
908
3116
295
1852
7977
2172
3560
1926
3459
1333
8654
9803
2019
6106
784
4737
1307
793
3236
8469
6947
1372
1341
1694
3769
1799
2483
6711
612
451
5536
9625
4763
8534
5259
2623
8655
3534
7954
2468
2078
2869
6627
2122
5742
8805
2321
1433
476
6567
3055
5028
269
1582
7609
9300
8077
6979
5227
8129
2466
5793
5401
9150
4071
2796
7849
8154
9679
6004
1489
2142
6601
2621
817
6913
8542
4304
6073
525
9960
5603
7943
9336
9911
8090
5880
3936
5108
1048
8427
1334
3586
1976
7490
3298
9772
1357
1450
6071
1615
3104
6804
9041
4389
5905
5768
8194
4835
2394
8975
5900
9988
1089
4691
2120
6108
2767
2636
2792
1337
683
9310
4427
4201
2421
6060
1748
1270
2713
2838
1115
7111
3544
2549
6168
8493
3375
9792
5324
1774
5504
5138
3780
3636
9585
8782
1891
5065
5234
3921
5681
9009
1014
8004
2643
298
5367
6779
6931
9280
1039
2868
2334
9170
8477
2087
6957
8867
8825
2779
3996
7982
7988
9203
7636
2493
1629
1293
6326
6687
9891
3781
366
2219
5707
2863
4816
4655
7736
6332
7605
6404
8460
5989
8540
168
1561
5157
9489
9327
8556
9457
7463
3291
2648
3312
3909
1705
6646
7836
6898
1414
3739
7256
5470
5626
8579
297
5724
7018
873
274
2286
8113
9209
921
2916
6019
1904
1643
5175
7295
4086
1655
5434
8066
3918
6138
8380
3158
2346
4600
9798
9008
2409
4205
8530
3779
6251
4479
1075
2777
4095
7966
4416
8503
2799
9975
1170
356
7821
7988
9748
6351
1408
8102
701
2212
6620
1662
9274
9375
7286
4331
1207
7149
9476
6768
1648
9436
843
3361
7397
4304
7338
2840
1829
3209
6510
3041
9032
1785
8717
5723
7411
9250
4525
7627
3956
9596
9316
5389
6164
6255
8586
7519
5992
5749
7166
9359
5752
7530
795
63
3650
4210
5857
9959
4083
6967
1321
1900
4951
8721
3772
4681
41
8036
6106
2314
2694
6538
1819
914
5871
6992
443
2158
5604
1030
592
3545
1960
3330
6697
1831
3926
7762
4990
1907
5044
2180
6188
8294
7784
6165
34
1316
5412
831
349
7604
4328
6967
9897
7807
9647
9813
3572
1490
8523
4099
7716
9498
922
8713
5422
5208
9749
869
1411
5505
1166
3556
2588
7268
3472
7445
8627
5709
2354
9268
5782
9569
1828
1318
4173
9802
8656
6588
6041
7318
2241
6418
4817
4286
5151
1468
6683
1963
7933
7180
8837
3250
3382
1182
9855
5897
4541
9463
6296
6245
5412
1210
6643
5689
7316
2461
8024
1626
5433
7982
898
2988
8755
2991
1998
449
5990
5959
1024
2215
7702
9549
9368
4943
9299
2287
9993
5559
5452
2071
7084
9741
529
1155
7597
3658
7524
4539
9029
8709
4357
2051
6395
6398
2567
6537
6026
3443
5077
493
3304
2731
9380
4206
3337
5386
4390
6353
8323
5488
627
8153
9437
3814
6605
7172
357
5305
514
6624
9124
6544
9799
7017
9416
5858
8499
7401
7721
3947
186
532
2985
5861
9675
2819
3054
8409
8807
3539
5120
9279
1023
5370
4621
6668
6721
9374
5167
351
8720
241
9995
6619
2327
8007
9377
7324
6045
7920
1471
933
7568
8504
9276
5712
7058
7166
8824
134
960
7043
3365
1901
9089
4139
8102
4296
6135
6407
827
969
2641
4105
6026
2436
1926
2494
6012
8974
449
6578
2874
9218
1402
1993
6558
1075
2320
4347
9923
2046
1220
7367
420
9917
7831
928
1831
2611
591
3718
3003
7792
1006
356
1917
382
1957
3449
6956
6032
3460
2777
1254
3576
8058
4298
9501
4261
3182
8932
2109
2087
7480
2053
5420
1821
1025
3715
1804
7209
5508
57
8817
3573
9563
3910
5520
4238
2883
8998
8234
4688
1969
6557
148
6362
8786
8435
5472
2481
3846
9368
5175
3583
8509
7112
6315
4894
5906
9588
9379
8795
4710
8800
767
8804
9192
5570
8160
3080
9697
9761
1236
2368
8736
4819
9749
7441
944
5461
7033
6115
2476
580
7797
3031
2289
6261
3298
9651
3752
791
8487
4418
3067
6987
3937
1774
108
6109
8598
4879
8511
5591
126
3981
7366
329
6721
3789
248
993
3706
7527
530
2898
2806
8458
7658
2944
8485
4606
6802
8459
9889
6535
2436
5395
6219
589
6504
2790
4022
5443
2836
883
8131
8744
9589
4615
4734
2409
9863
4054
2510
9869
415
8607
7319
9681
5019
8607
1896
2301
7613
645
8448
6305
4039
2978
6199
1978
7609
4924
721
2012
3755
7105
5472
5282
7165
8846
4062
5870
3076
6368
2884
6042
9634
9066
3352
3371
5246
7693
8837
1487
7305
6741
1252
949
3919
6213
1297
4748
1219
4113
5723
3277
5631
8233
7105
4089
962
290
3402
4667
4481
4699
4938
7602
5879
4519
2240
8664
7190
9092
8541
7777
4156
6606
5191
6422
5938
4265
6310
6203
2673
471
3283
2473
1205
7266
5878
1861
2013
3288
4299
2064
4353
8093
9595
679
1367
2445
5546
3855
2013
3051
7488
817
619
9322
8582
4427
792
9060
5881
8071
8581
7784
1694
9350
4675
60
563
4732
9682
4484
2704
3499
6893
1749
8217
4468
8921
1021
3378
6647
73
8449
2271
2635
6472
268
1160
695
1056
9525
8778
8215
6110
7681
9315
66
3755
6029
1933
8319
8952
1309
9420
2407
160
8643
1204
8366
202
1771
9430
4377
2720
3713
4070
7663
7507
8859
8032
7277
5588
8991
9740
4138
5538
8275
8114
8618
4687
1309
2601
6588
6607
3838
967
2976
4499
6395
3483
6112
1319
2677
8029
927
9515
1439
339
8018
4073
6553
7334
857
7651
8010
141
6868
2004
1022
8004
7520
1918
5063
484
2612
5802
2276
2426
4194
6884
837
1151
490
5100
4839
6495
1001
2541
7258
3546
877
7065
6311
7003
871
7040
7138
4758
3363
4651
8752
6877
6980
5530
5199
4636
2527
5030
7435
2309
1392
3681
1274
8748
2555
407
232
1033
1862
3972
2654
8972
6010
2080
3897
7099
3232
8556
8666
2430
292
9405
7008
7027
6042
927
2550
399
3118
3940
8519
3193
4935
3100
1060
420
8555
8013
4100
4540
4969
7384
6940
8457
277
3665
1109
4993
3313
6539
9094
3508
1216
1425
2175
4157
3066
6059
7937
1249
1940
5058
3034
373
4423
2972
6374
3318
8777
5985
8845
9022
134
8732
9592
4255
6898
969
380
6940
9669
3872
7861
4145
3197
8522
4180
7752
9902
3779
7010
6431
342
9085
5721
5837
6171
5928
5720
2298
1925
4564
5701
5552
525
8822
2508
4604
4708
7671
1424
9253
5010
7663
9091
545
3914
5229
3343
7066
6609
5528
5593
7522
6680
5752
44
7360
5470
6087
6070
496
1121
976
3237
1373
1546
8942
4959
1313
4544
615
3676
5971
3323
7997
2127
6711
9395
8786
2801
9193
6376
5807
5210
2952
1419
2113
9694
7786
4082
6711
2677
7777
4576
5861
6926
1534
8103
8842
4137
9334
9584
9602
502
9334
8056
5094
3144
2531
6357
5718
3023
4654
5612
7575
3888
4118
7156
2302
5907
1889
5362
4100
3978
5810
3715
7158
8105
4008
7879
8373
9704
5804
4855
1486
3098
4167
9821
7967
9851
5100
9738
6554
2419
9087
4469
5701
3153
8545
3292
6627
5414
8167
4928
8857
2586
9410
6944
600
8439
6142
3897
4902
7744
3200
594
9270
5178
8216
1580
2125
1102
1166
7244
5565
6766
167
7436
6925
6871
3669
4281
1788
3296
9046
3414
3315
3713
4242
4067
8563
9328
1231
8933
5310
1190
3776
8829
8138
2861
3153
9777
7599
7273
7165
2230
4194
9383
2002
9221
9028
2786
3538
4735
1927
8408
2263
1217
4702
5410
7732
2274
4010
6493
8195
5121
2572
2161
2708
7267
996
6203
1407
1006
4794
6309
611
875
7991
3868
9034
888
6557
6194
864
6280
1985
3386
4137
1747
4261
1453
6739
7605
7225
4591
840
810
4613
6518
995
3769
4022
9433
2415
5048
9390
9851
178
1281
7988
5685
5335
4687
6241
9698
6360
659
3203
2324
9272
1624
615
7613
7205
7712
7387
4334
2983
6444
1257
510
1702
5083
5090
1487
2718
4563
3861
5350
4937
9483
6588
6416
1798
8634
1173
2497
8034
7166
9727
4116
835
7708
1369
1028
3803
2296
4316
6308
8840
7314
1900
9795
283
200
1430
827
8058
7706
655
7170
3281
4125
9482
9469
5526
6415
6635
9225
967
5838
4316
8409
3213
2524
9641
2266
5368
3162
1529
5215
5863
3266
9159
7012
3075
8604
5654
7915
6411
5647
9949
9445
5551
2000
1516
3614
8943
6763
5226
671
3236
9834
2358
8299
7373
3674
8245
1645
2951
4615
4038
5457
1917
874
6985
5212
8853
3375
6455
8756
2708
5047
2785
5329
9286
7725
3056
9319
3220
7971
525
7593
7278
4773
3310
7472
629
2037
4862
3533
4793
4472
6969
8991
6795
2970
2385
3738
4556
5042
9664
1263
6869
779
8837
235
7078
6163
2531
3860
9714
1501
7730
256
609
1642
3729
8123
9889
3275
4625
7056
1042
1030
9167
7239
8985
2252
1799
4533
1114
7428
2095
6356
9008
1205
2950
8605
4181
2022
6414
4667
7746
647
4332
6531
3537
4855
2092
372
5047
6496
746
7773
8172
5463
8566
4049
5644
5821
3737
3656
577
2569
4475
4037
4721
3843
9927
5707
511
8465
198
5754
3601
8849
503
7714
4901
6476
788
6314
722
5705
7141
2079
4323
1827
2453
1714
3542
8536
662
2216
2047
9444
8327
8573
7126
4300
4309
7607
4747
6076
4690
2202
8487
4515
4426
991
8157
3867
2838
8400
4423
3012
4334
7202
7202
8566
1015
1427
9674
778
9053
480
5592
7048
5018
2384
8986
6234
6274
6254
7912
2090
2958
4462
4564
1049
7688
3724
4137
222
7342
6121
7099
5013
9455
1106
9962
7735
4333
3663
6396
7071
4828
3015
7183
1380
7214
4213
744
1680
6881
3989
4576
6369
9272
5031
8869
6723
3436
4960
7940
4107
5873
231
451
5695
7746
4932
5402
6905
7115
7080
797
3197
9347
1061
3548
2700
3642
7079
2404
959
5418
9317
5472
7860
4967
4067
1182
6912
5070
8938
3631
601
2267
2562
9172
2015
9773
7745
6021
9379
6170
8836
601
2672
8487
2477
4369
6896
4610
8394
6821
761
314
666
429
7903
1472
5114
3001
8478
607
6284
2331
1874
9676
8725
7016
2260
8241
2154
155
2576
1944
4736
1509
2032
9514
5991
369
8510
801
1406
1385
3585
1847
6044
1771
3153
978
4445
4744
2364
5801
8027
436
5357
8276
139
2485
5301
5615
9797
8645
75
8387
5237
2979
4417
475
1517
4164
5500
4717
6726
681
847
8587
5690
4140
3187
7361
8003
6534
1074
6934
4394
6463
2808
1304
3311
9437
1075
9173
1733
522
4111
8069
9386
3972
6813
2699
8730
7225
8925
2607
1875
6725
8078
305
463
4670
8496
3953
8806
2386
6027
4662
3751
3819
2565
5183
2758
8212
5933
8179
879
8135
1389
589
4892
6468
9949
5557
7609
926
8029
4416
505
7036
9553
8204
2828
5842
5663
8816
6147
555
5991
6491
1488
6465
6357
9415
8229
3117
1431
2652
4600
376
5395
7255
6036
5857
4606
467
593
2025
5145
312
2073
3943
7811
709
3297
6271
5205
8750
7436
7960
3845
7107
4537
5129
6090
8537
9864
4922
1657
1315
6178
1616
6151
7201
3090
5359
3456
4252
1878
1772
7338
1380
9708
4479
7533
2228
6661
4463
2271
5767
7101
3268
7751
1056
610
7246
4868
4445
3731
214
6744
3434
2777
6650
5725
6896
5121
7828
6352
5991
4684
371
184
2414
552
2386
1837
8044
9870
7616
5042
4103
175
2567
7713
1524
944
7279
4432
4018
8857
4262
3977
1954
3247
2490
3302
3203
1555
8652
816
8529
1109
3084
1827
1040
2691
2041
1887
246
4501
9311
2754
5114
9694
4463
6702
1584
2515
9268
8821
4825
6426
6075
9377
7313
6216
4818
3475
963
7145
6996
7006
3035
4079
9093
9065
4149
8203
2950
8372
2517
5442
7587
1192
6951
4102
5888
4569
6784
6184
1952
6441
5917
1200
8264
6856
4884
2586
6371
5962
3848
6250
8231
7372
2053
6391
275
8721
7540
2941
8912
6684
8909
6060
1725
3233
1340
9308
6392
8033
9021
9706
2898
462
5071
6053
4797
4739
8702
1633
8068
3866
4366
5842
2725
4364
2233
7935
8423
8278
7422
6720
5784
4185
8860
8016
1795
7081
3376
7900
6586
8871
4648
402
5210
90
7381
4447
6940
9269
2155
3447
510
5364
7389
8255
3932
9964
1297
580
4284
187
1634
5915
8964
5385
343
5632
8277
8234
5879
6141
222
2542
3672
3260
1927
6524
7255
2356
6248
6994
4417
7415
6562
4959
3141
6553
5984
5558
8917
4438
7480
1643
5827
100
5146
851
7615
9574
8295
884
8386
8970
583
2241
1345
919
1750
2150
1111
2424
3452
5573
4636
1548
4718
1245
9248
6393
8953
4911
4622
3166
6136
4375
8393
2846
8822
336
3901
9712
4520
1872
1838
8815
3419
5350
805
7446
245
9973
750
3357
4530
7252
7519
9321
230
3997
5396
9851
4617
712
1125
3620
2713
8184
3239
9815
9641
9421
9384
8832
8997
8583
9022
145
2889
9883
7946
2288
729
8092
2286
5878
8197
4599
6203
5891
8091
235
5015
6018
4537
9902
906
3524
2204
4017
4198
3293
4537
3709
8041
7620
7157
6146
7346
4534
6983
9250
5161
273
7041
9984
2291
6071
3655
5842
7795
9294
710
5150
4686
2293
3632
2091
1887
7975
5743
1251
8283
3408
8817
7364
7787
1932
9299
1281
988
72
4589
8729
8334
3773
6755
3199
1669
7662
5824
5317
6296
9676
1749
2311
2719
7860
5451
9779
9306
7646
2717
4879
6973
2503
8475
8099
7677
3089
5058
8354
8427
8798
1283
3553
8336
6209
5665
8643
8336
5381
6378
5805
3477
7292
7282
4360
3545
9220
4385
9942
1596
9929
5960
9777
388
8035
9941
3189
2858
1905
919
4274
6313
8441
6536
7696
2787
1620
6346
962
8350
3606
6929
9925
4198
1406
1784
592
7216
4150
7546
1501
1615
7487
1167
9701
4176
2869
4291
982
1547
9362
2620
6039
4721
6417
2231
4256
8878
6879
9984
2658
2883
1397
1350
5234
3981
2695
4749
1907
7866
7671
520
8908
7278
4359
883
5543
5747
967
5267
2823
4605
5946
4304
4947
3878
1604
8778
1260
3636
2968
7027
1800
5903
2312
7218
1732
4927
9120
6042
3620
8374
7473
5683
4558
9196
2889
1951
8408
1305
1663
4122
4652
6731
511
7596
7152
1031
3129
3988
2361
5286
8825
8521
629
3773
5358
3128
3939
5396
23
4871
7044
2824
1817
6420
9514
5962
2964
7110
4427
2283
2434
1513
948
4712
3554
4007
9126
8852
9508
5644
8116
2454
3854
3679
355
6940
7934
227
9266
8807
6286
9712
4717
2305
3810
3698
3132
9651
4025
8650
6328
7246
8163
2010
1455
1259
8453
3
6929
617
6099
6433
2910
9037
2357
9989
6416
6114
7948
9220
8099
2800
6306
2798
5690
1561
6483
9387
7878
2651
9928
3544
2127
1026
9796
8261
9531
9738
8705
5103
3590
2130
6200
1893
9756
2655
7349
5484
6453
3809
5535
5995
96
7821
5977
3100
4048
4705
2869
2041
7195
8737
5319
5021
6439
3756
2891
5932
3885
3668
1050
167
6629
2105
1590
6073
351
1615
8208
2466
6946
4012
4926
2632
2118
9067
7678
9685
8803
1814
7036
4536
5775
7798
7011
3315
8909
5515
6690
8604
2500
1324
3530
9075
7289
6970
7169
1724
4640
8136
2129
210
3033
9281
9436
932
3730
4178
4576
8286
524
8154
5894
4271
7867
7387
1112
5245
2367
7473
4347
1674
1271
7722
7003
3376
3010
8561
2963
3499
4351
8205
1589
4103
9858
8391
6691
4208
8273
6423
8456
9607
7525
3816
6599
5146
5218
8843
8219
5777
4773
320
5319
68
4717
9985
6062
6077
9228
2352
6058
4768
5408
7731
7643
9741
7579
7022
5067
4803
2259
5790
2110
4841
4277
871
5432
6551
1210
8661
3571
2202
4062
1491
9459
6037
3528
8460
1000
2271
8860
3605
6103
5955
4137
7526
1042
8659
6036
1561
8399
427
4242
3334
4286
697
1300
5334
9366
6098
6382
9938
5491
8928
4566
8232
5502
7046
1952
1441
7752
7231
2296
1107
4138
155
2372
1525
7913
9068
4083
5455
3728
8219
6017
4398
4472
8275
124
1003
8665
8134
777
6104
6390
8569
6227
5804
7733
1466
3605
8977
3271
7945
5704
7990
5628
9549
5040
1294
2724
9411
6996
7719
8448
6255
6115
8844
2789
3395
6391
5247
3438
9737
7299
7268
2382
3605
3650
9365
1927
6587
6867
2717
5327
4167
9128
8245
5564
6776
3281
6011
9310
4825
9355
2696
9599
1600
6226
6558
4359
1172
3287
1601
3570
6709
7465
7964
2599
4827
4171
1208
4937
6472
5490
2080
6948
8748
3599
2900
2204
855
943
5316
7341
629
6657
7804
9722
2745
3683
9356
6564
785
6473
5829
8988
1542
9061
99
7679
9688
7808
7545
2815
8749
2822
9025
3525
3392
7120
7267
1283
8121
5229
666
8455
1299
2547
9813
1388
7025
3362
6419
6544
7047
6122
246
5624
9861
4435
9243
8976
8167
2175
6856
1197
4317
6314
1796
3002
7127
978
9915
7236
3149
876
1613
6194
2251
9534
2329
8380
8844
4324
8129
5803
110
3522
5568
6703
5776
601
5113
8590
2047
2644
780
7265
805
8264
5942
6868
9729
6579
8392
7198
7169
5953
6826
5652
5006
8859
5331
2617
8741
423
1988
1652
7828
1025
3059
1287
5602
4221
2027
1016
9806
3155
5927
678
19
9181
3084
3920
6316
5212
8551
13
770
317
7958
9709
8693
2456
6158
1278
649
2065
5980
528
5191
7652
7756
5279
9116
9287
1570
6604
6449
6912
1563
4730
5680
7249
4898
6473
2182
6851
6383
2071
7100
6649
5009
9876
1268
5743
4604
4336
7913
9863
760
5777
899
327
4548
8753
6069
1224
5644
7555
8658
4547
9085
1887
273
1477
6917
9667
6388
782
7391
3421
7310
2757
4315
6589
5398
7737
7548
889
1380
575
6822
9972
5502
2629
2334
3058
6165
3189
3099
631
2355
3478
7975
4135
804
1157
2953
7311
3579
7933
5790
3615
3879
7092
9943
3576
9822
8308
9278
4082
3748
87
5989
2999
6693
4196
1908
7811
7420
3576
851
4117
6751
6024
2444
4420
699
4854
4166
6261
9315
5542
2157
8989
6634
1001
1636
3672
9419
1545
3726
5329
1575
3482
2484
5537
4863
1248
5477
1052
9839
9887
4032
361
4746
8006
9189
5754
5473
2424
7123
2637
1547
8608
7051
2814
6503
3408
7650
4777
7090
3704
9773
2930
8452
9342
7613
7442
1576
118
4088
7113
9702
2520
8663
8235
3436
4442
9656
6312
1126
4110
1113
8023
5984
2106
903
7717
1885
7008
3534
1637
8771
9233
5447
3618
4551
5950
7506
7794
996
6701
9800
4749
4017
9975
9765
9136
802
8202
1337
7868
4192
8239
1885
5250
7423
8041
4298
1900
9227
950
9294
4388
6214
7160
9737
5432
3667
5697
1624
9990
9483
1533
7586
3684
8344
5127
3195
1407
3223
4569
7776
5785
658
8735
9198
5513
2173
9331
1019
6634
2562
9557
3266
6340
4798
8305
5395
7325
9848
2848
8742
5093
8006
8386
8192
1383
2367
6626
3623
4012
2833
3442
8443
1263
7935
3913
6989
127
5529
1940
384
7289
214
4884
8298
8376
9264
4709
1922
7280
7382
3632
7589
3146
7071
9395
6683
101
2170
8388
5495
991
1170
1
2270
665
6940
3399
434
233
4888
9768
7670
9170
3335
7815
2939
4738
4421
8891
5270
4010
9655
262
701
5607
4079
419
7239
2300
1488
7058
708
7871
9219
1024
5699
4717
5283
209
5531
7902
1751
8534
9010
6262
8555
5867
6891
7200
5161
1451
4365
6578
77
1724
9322
1758
3764
2769
4852
4526
3499
9305
6442
3601
6301
9785
5391
3695
3366
6696
2573
994
5872
9607
3019
5362
8485
1837
2601
4140
1486
6569
6036
6804
2650
4220
3290
4030
6619
931
1646
6893
9670
8787
7407
4689
4239
8452
5768
7048
7372
7736
5154
2112
6320
7426
1201
2062
8309
8450
9095
9891
215
509
9998
2621
4979
608
7882
7433
8858
5323
3855
3484
6368
4268
8166
5942
7377
2541
4559
9994
9704
4993
3094
2113
2028
3555
9134
8279
3743
3050
4269
6999
2140
5139
9490
127
2008
1873
8098
7430
3223
471
2844
2255
311
9307
9305
1109
659
6260
3103
8324
5721
8531
519
7070
5080
9106
966
756
2532
5962
7865
8827
6481
133
1122
7275
9374
5933
904
8783
3987
1130
8666
9035
8738
3484
5567
3104
6028
5502
455
5754
9213
9744
89
2994
4405
7665
238
1891
4618
3667
251
994
3605
793
5284
2224
2209
1028
9893
4316
2405
974
5805
2307
6225
9941
1773
6112
7709
3099
8893
3921
5612
9889
3017
3410
7379
2256
5225
8580
5478
1753
7533
1142
4878
8103
9379
5600
7738
6593
9057
5530
2361
5952
3859
9719
1396
7248
1777
2921
240
3278
5770
4322
6066
1232
1987
5075
2202
9245
7053
7696
1411
6423
1491
6313
3357
9759
199
9690
2543
1852
5991
6349
1878
7344
70
1402
3995
3145
8911
516
374
2674
3029
4128
3754
8245
5381
2660
7943
3725
9110
98
7138
7895
7304
6269
3590
4990
9455
1446
7986
9577
6692
1662
4601
2377
5276
9098
2140
4849
5309
5158
2296
4050
8901
9075
505
5408
5216
7782
7389
7324
2251
481
5889
7514
2423
8724
7665
2
7876
6016
2363
211
7625
7114
3295
242
3724
2791
4417
4705
3641
1363
6974
6404
5342
9862
1308
8224
4580
8837
2218
4873
5628
1810
2915
7797
2944
9575
120
4307
8927
8674
6404
8276
5227
5533
4889
411
4189
3910
726
5619
701
4457
632
6912
6960
43
8749
9888
9064
4277
4785
8907
5923
9504
6550
3525
3551
1923
3213
4263
1767
8371
8335
7415
9865
2584
3086
3312
7200
3007
8329
3322
6083
3711
7566
7386
712
238
6206
4672
846
3023
2101
482
6594
5436
1181
2679
8219
5367
7001
3886
7306
8481
102
8142
5850
9059
8762
7852
9362
9427
5393
1729
7416
8460
4369
4595
9038
9843
669
8107
214
3822
1897
5072
9358
7666
8445
1653
7539
3416
4483
5053
7199
6231
2243
7419
7460
4962
1774
57
3117
2617
1236
363
2768
1807
813
4347
8360
6462
298
7211
2707
4788
1373
4584
3120
9609
2092
7304
5303
823
5700
328
2285
4675
3633
2361
1854
2938
8184
1746
9046
1646
2946
9603
7848
9051
25
6843
6425
4093
9477
9023
432
2752
3173
6231
1549
4155
8148
8892
8489
2193
1946
9889
4811
8174
1020
1008
1141
2514
8381
4622
6539
8085
6192
309
3122
9151
706
5322
3206
3904
447
1455
7768
9925
5460
2435
9529
8525
5006
7750
4896
5639
3357
7681
8108
9265
4648
559
2511
9024
8854
8839
4416
9914
994
5916
714
8869
4706
8227
9530
3404
4479
4696
1067
3961
1023
8109
2922
7090
6625
1602
4102
450
9776
3380
6357
6728
5886
8717
3538
6626
9776
5546
7460
2087
7417
2060
2412
5573
5687
4709
6492
5307
3126
5272
9548
678
811
4984
541
215
2896
7704
4582
3887
4095
3712
8026
3760
8970
1261
8884
7366
107
4392
6700
9672
3757
1944
2058
4286
5336
5628
6516
1810
1376
639
5670
2980
7686
5627
918
9020
276
4652
4155
9966
9678
2540
8738
1525
8644
4580
6796
9240
7620
6805
5068
7711
5879
8879
7391
1903
6830
4724
7391
5668
1754
559
1124
7618
7867
6333
1001
706
2797
6671
4690
9957
9921
5243
3159
2340
9607
6845
1953
2841
6919
6096
9903
8900
9314
6141
9817
4462
4120
6604
1215
3719
63
5551
7721
1512
5875
5134
6387
884
3441
1693
8647
7427
7613
194
1515
2332
8262
4948
9291
4814
7491
1340
3362
4093
3586
129
6417
5529
8084
7968
5473
6953
8250
9461
8191
5031
6437
5094
5030
1420
793
1188
8158
6993
4814
8259
4231
9226
4240
6460
1451
84
4974
1734
2455
1658
7184
5283
7456
3394
7907
3423
1129
2535
9604
3789
679
3468
8006
9338
8047
5616
1432
550
6840
9225
9633
6704
4966
6937
6574
68
4330
6388
2130
6494
6172
4214
4083
344
1504
2124
4288
8585
5639
5170
2064
9450
4546
1986
7470
8545
6243
4184
6205
8775
325
8481
3382
8357
1667
4078
5818
8378
7977
3488
5962
3128
1153
3208
7846
8493
6004
248
6125
4265
8496
3685
2386
5716
283
2210
5966
4370
781
920
7614
2699
8169
3095
4722
5979
6844
8111
1913
6754
2294
3288
8123
8262
70
4062
6618
16
2742
7449
4993
7747
2318
9859
2173
606
519
1341
9502
4481
1148
1298
9756
4440
2833
3776
3608
5275
4337
6965
514
457
4247
2054
849
7324
2065
3144
2044
9439
8008
9366
5157
7996
5488
7593
4267
8971
145
6277
5070
6653
1961
5476
2815
9928
8735
3798
2674
4448
2267
5748
3586
6511
8880
49
9592
5542
7959
5083
1100
5623
9448
7568
4718
9284
5482
173
433
1960
8689
7353
4466
9121
1305
401
2770
9945
5291
8784
4885
8516
1358
2584
972
811
7430
6200
7251
8892
9280
663
1377
7976
1592
4886
3435
333
9343
6732
5429
9024
6010
9610
926
2793
8929
9840
7936
8573
6986
583
3831
8119
6155
4747
1775
933
6095
8764
8042
2662
5401
2660
7236
4410
8786
9326
8770
381
4453
3300
4463
3939
6863
9811
1674
3550
8437
533
2899
3942
6190
6611
6687
122
5774
4993
553
9392
4944
599
578
4875
776
6535
3
1
4211
8616
4979
2858
6069
4266
3204
1470
2275
6780
5919
9047
4446
3990
8413
1947
7771
9613
3116
5829
8808
7825
4844
8164
8653
7017
9160
2878
1199
1320
3762
5595
5602
2657
9970
8010
2278
5805
330
843
5988
3484
5966
1115
6737
2737
3038
2070
5156
5123
9418
1323
3469
9546
8443
9549
4755
2048
7826
8417
4527
4466
6331
9125
9592
4308
2
553
1320
4498
6010
5727
4124
4713
1240
4963
8992
3569
5423
2934
8226
4718
7261
6320
9178
9774
8936
3709
8448
6293
4220
1582
8825
9379
4918
9682
625
8800
4183
985
5744
5487
3926
8273
9238
786
2856
2421
9343
3610
1107
3237
620
9769
9307
9252
9456
9940
7241
6827
4122
1667
811
7943
967
7707
3745
2306
9613
4470
6438
4264
2968
759
5171
6165
4431
1112
9298
3809
1986
6397
5738
6445
8472
6460
9069
9972
7640
1788
9584
1088
8676
664
5085
4699
2137
2846
5903
199
2460
2437
1353
1240
7115
5819
592
6956
5383
2885
8858
6751
9490
6321
8443
7415
5391
5912
1337
7306
4830
9857
9682
4399
5395
1129
4904
423
5449
8240
1013
7053
5057
7717
953
3820
8068
1089
4547
308
1963
8839
6602
9650
5404
3001
401
3527
3885
5465
6813
1913
